PassengerId,Survived
892,0.09
893,0.03
894,0.53
895,0.03
896,0.62
897,0.13483333333333333
898,0.36289285714285713
899,0.11
900,0.88
901,0.06
902,0.0
903,0.14
904,1.0
905,0.33
906,1.0
907,1.0
908,0.10928571428571429
909,0.72
910,0.68
911,0.08
912,0.4
913,0.8208333333333334
914,1.0
915,0.67
916,1.0
917,0.01
918,1.0
919,0.64
920,0.51
921,0.55
922,0.04
923,0.1
924,0.85
925,0.65
926,0.3477619047619047
927,0.65
928,0.04
929,0.07
930,0.06
931,0.6645
932,0.24
933,0.4998333333333334
934,0.08833333333333332
935,1.0
936,0.99
937,0.045
938,0.42
939,0.1133447108447108
940,1.0
941,0.71
942,0.63
943,0.21
944,0.88
945,0.99
946,0.165
947,0.05
948,0.0
949,0.07333333333333333
950,0.05
951,1.0
952,0.12766666666666668
953,0.4549999999999999
954,0.2534285714285714
955,0.8671428571428572
956,0.57
957,1.0
958,0.85
959,0.0
960,0.07
961,1.0
962,0.803936507936508
963,0.0
964,0.63
965,0.425
966,1.0
967,0.12
968,0.01
969,0.7
970,0.03
971,0.803936507936508
972,0.99
973,0.21
974,0.25
975,0.0
976,0.0561451048951049
977,0.18
978,1.0
979,0.39
980,0.3263751803751804
981,0.97
982,0.48
983,0.3921031746031746
984,0.99
985,0.01
986,0.5
987,0.30200000000000005
988,1.0
989,0.125
990,0.67
991,0.2
992,1.0
993,0.03
994,0.1133447108447108
995,0.2021666666666666
996,0.58
997,0.01
998,0.31
999,0.1133447108447108
1000,0.17
1001,0.003333333333333333
1002,0.04333333333333333
1003,0.3527777777777778
1004,1.0
1005,0.66
1006,1.0
1007,0.52
1008,0.01
1009,0.82
1010,0.24
1011,1.0
1012,0.99
1013,0.05817660117660118
1014,1.0
1015,0.17
1016,0.1133447108447108
1017,0.57
1018,0.19
1019,0.82
1020,0.4014999999999999
1021,0.0
1022,0.7116666666666666
1023,0.32
1024,0.42
1025,0.02
1026,0.13
1027,0.0
1028,0.3
1029,0.0
1030,0.15
1031,0.056666666666666664
1032,0.06
1033,1.0
1034,0.25
1035,0.02
1036,0.845
1037,0.24
1038,0.04666666666666666
1039,0.0
1040,0.4998333333333334
1041,0.13
1042,1.0
1043,0.02
1044,0.01
1045,0.57
1046,0.01
1047,0.11
1048,1.0
1049,0.85
1050,0.845
1051,0.85
1052,0.39589285714285716
1053,0.97
1054,0.73
1055,0.03
1056,0.26916666666666667
1057,0.74
1058,0.34
1059,0.04
1060,1.0
1061,0.1
1062,0.018333333333333333
1063,0.36
1064,0.03
1065,0.0
1066,0.03
1067,1.0
1068,1.0
1069,0.43
1070,1.0
1071,1.0
1072,0.03
1073,0.38
1074,1.0
1075,0.1133447108447108
1076,0.99
1077,0.011666666666666665
1078,1.0
1079,0.4743333333333333
1080,0.03
1081,0.12266666666666667
1082,0.09166666666666666
1083,0.03583333333333333
1084,0.73
1085,0.295
1086,0.87
1087,0.2
1088,0.91
1089,0.25
1090,0.006
1091,0.04
1092,0.71
1093,1.0
1094,0.31
1095,0.79
1096,0.006
1097,0.1075
1098,0.156745670995671
1099,0.006
1100,1.0
1101,0.0
1102,0.495
1103,0.0
1104,0.08
1105,0.55
1106,0.14
1107,0.17
1108,0.44
1109,0.26
1110,1.0
1111,0.01
1112,1.0
1113,0.01
1114,0.85
1115,0.6
1116,1.0
1117,0.34
1118,0.08
1119,0.3263751803751804
1120,0.01
1121,0.09766666666666668
1122,0.18
1123,1.0
1124,0.18416666666666665
1125,0.023042651792651792
1126,0.47
1127,0.02
1128,0.47
1129,0.77
1130,0.83
1131,1.0
1132,1.0
1133,0.99
1134,0.36
1135,0.01
1136,0.06
1137,0.63
1138,0.97
1139,0.06416666666666666
1140,1.0
1141,0.27
1142,0.64
1143,0.11166666666666666
1144,0.28
1145,0.02
1146,0.41166666666666674
1147,0.018333333333333333
1148,0.1133447108447108
1149,0.02
1150,0.89
1151,0.3433333333333334
1152,0.0
1153,0.0
1154,0.98
1155,0.8
1156,0.01
1157,0.0
1158,0.003333333333333333
1159,0.018333333333333333
1160,0.04
1161,0.003333333333333333
1162,0.14
1163,0.1133447108447108
1164,0.98
1165,0.75
1166,0.0
1167,0.96
1168,0.0
1169,0.04166666666666666
1170,0.04
1171,0.020166666666666666
1172,0.11
1173,1.0
1174,0.3263751803751804
1175,0.18
1176,0.67
1177,0.0
1178,0.0
1179,0.29
1180,0.0
1181,0.01
1182,0.16
1183,0.25289285714285714
1184,0.0
1185,0.08
1186,0.05
1187,0.0
1188,0.64
1189,0.55
1190,0.03
1191,0.0
1192,0.27261904761904765
1193,0.04
1194,0.07566666666666666
1195,0.0
1196,0.3263751803751804
1197,0.95
1198,0.35
1199,0.99
1200,0.27
1201,0.08
1202,0.01
1203,0.64
1204,0.018333333333333333
1205,0.11942424242424243
1206,1.0
1207,0.89
1208,0.38
1209,0.3843333333333334
1210,0.08
1211,0.06
1212,0.2021666666666666
1213,0.04
1214,0.0
1215,0.8074999999999999
1216,1.0
1217,0.11
1218,1.0
1219,0.06
1220,0.17
1221,0.006666666666666666
1222,1.0
1223,0.48
1224,0.0
1225,0.5
1226,0.08
1227,0.03583333333333333
1228,0.6025
1229,0.135
1230,0.18
1231,0.0
1232,0.19099999999999998
1233,0.07928571428571429
1234,0.14707142857142858
1235,0.94
1236,0.18
1237,0.82
1238,0.0
1239,0.17
1240,0.0
1241,1.0
1242,1.0
1243,0.006
1244,0.04
1245,0.09
1246,0.73
1247,0.27
1248,0.96
1249,0.01
1250,0.1133447108447108
1251,0.91
1252,0.02
1253,1.0
1254,1.0
1255,0.03
1256,1.0
1257,0.45
1258,0.18
1259,0.18
1260,1.0
1261,0.31
1262,0.10666666666666667
1263,1.0
1264,0.14
1265,0.2801666666666667
1266,1.0
1267,1.0
1268,0.09
1269,0.006666666666666666
1270,0.05
1271,0.0
1272,0.1133447108447108
1273,0.28
1274,0.53
1275,0.51
1276,0.02
1277,1.0
1278,0.12200000000000001
1279,0.08666666666666666
1280,0.3713452380952381
1281,0.14
1282,0.3
1283,1.0
1284,0.525
1285,0.03
1286,0.21
1287,1.0
1288,0.2
1289,1.0
1290,0.09666666666666668
1291,0.02
1292,1.0
1293,0.0
1294,1.0
1295,0.58
1296,0.42
1297,0.45333333333333337
1298,0.03266666666666666
1299,0.21
1300,0.39589285714285716
1301,0.71
1302,0.3263751803751804
1303,1.0
1304,0.48454761904761895
1305,0.01
1306,1.0
1307,0.0
1308,0.01
1309,0.69
